11111111 11111111 11111111 11111111 11111111 11111111 11111111 11111111
11111111 11111111 11111111 11111111 11111111 11111111 11111111 11111111
11111111 11111111 11111111 11111111 11111111 11111111 11111111 11111111
11111111 11111111 11111111 11111111 11111111 11111111 11111111 11111111
11111111 11111111 11111111 11111111 11111111 11111111 11111111 11111111
11111111 11111111 11111111 11111111 11111111 11111111 11111111 11111111
11111111 11111111 11111111 11111111 11111111 11111111 11111111 11111111
11111111 11111111 11111111 11111111 11111111 11111111 11111111 11111111
11111111 11111111 11111111 11111111 11111111 11111111 11111111 11111111
11111111 11111111 11111111 11111111 11111111 11111111 11111111 11111111
11111111 11111111 11111111 11111111 11111111 11111111 11111111 11111111
11111111 11111111 11111111 11111111 11111111 11111111 11111111 11111111
11111111 11111111 11111111 11111111 11111111 11111111 11111111 11111111
11111111 11111111 11111111 11111111 11111111 11111111 11111111 11111111
11111111 11111111 11111111 11111111 11111111 11111111 11111111 11111111
11111111 11111111 11111111 11111111 11111111 11111111 11111111 11111111
11111111 11111111 11111111 11111111 11111111 11111111 11111111 11111111
11111111 11111111 11111111 11111111 11111111 11111111 11111111 11111111
11111111 11111111 11111111 11111111 11111111 11111111 11111111 11111111
11111111 11111111 11111111 11111111 11111111 11111111 11111111 11111111
11111111 11111111 11111111 11111111 11111111 11111111 11111111 11111111
11111111 11111111 11111111 11111111 11111111 11111111 11111111 11111111
11111111 11111111 11111111 11111111 11111111 11111111 11111111 11111111
11111111 11111111 11111111 11111111 11111111 11111111 11111111 11111111
11111111 11111111 11111111 11111111 11111111 11111111 11111111 11111111
11111111 11111111 11111111 11111111 11111111 11111111 11111111 11111111
11111111 11111111 11111111 11111111 11111111 11111111 11111111 11111111
11111111 11111111 11111111 11111111 11111111 11111111 11111111 11111111
11111111 11111111 11111111 11111111 11111111 11111111 11111111 11111111
11111111 11111111 11111111 11111111 11111111 11111111 11111111 11111111
11111111 11111111 11111111 11111111 11111111 11111111 11111111 11111111
11111111 11111111 11111111 11111111 11111111 11111111 11111111 11111111
11111111 11111111 11111111 11111111 11111111 11111111 11111111 11111111
11111111 11111111 11111111 11111111 11111111 11111111 11111111 11111111
11111111 11111111 11111111 11111111 11111111 11111111 11111111 11111111
11111111 11111111 11111111 11111111 11111111 11111111 11111111 11111111
11111111 11111111 11111111 11111111 11111111 11111111 11111111 11111111
11111111 11111111 11111111 11111111 11111111 11111111 11111111 11111111
11111111 11111111 11111111 11111111 11111111 11111111 11111111 11111111
11111111 11111111 11111111 11111111 11111111 11111111 11111111 11111111
11111111 11111111 11111111 11111111 11111111 11111111 11111111 11111111
11111111 11111111 11111111 11111111 11111111 11111111 11111111 11111111
11111111 11111111 11111111 11111111 11111111 11111111 11111111 11111111
11111111 11111111 11111111 11111111 11111111 11111111 11111111 11111111
11111111 11111111 11111111 11111111 11111111 11111111 11111111 11111111
11111111 11111111 11111111 11111111 11111111 11111111 11111111 11111111
11111111 11111111 11111111 11111111 11111111 11111111 11111111 11111111
11111111 11111111 11111111 11111111 11111111 11111111 11111111 11111111
11111111 11111111 11111111 11111111 11111111 11111111 11111111 11111111
11111111 11111111 11111111 22222000 00022222 11111111 11111111 11111111
