88888222 22222222 22222222 22222000 00022222 22222222 22222222 22222222
86668999 11111111 11111111 11111111 11111111 11111111 11111111 11111112
86668999 11111111 11111111 11111111 11111111 11111111 11111111 11111112
86668999 11111111 11111111 11111111 11111111 11111111 11111111 11111112
88888111 11111111 11111111 11111111 11111111 11111111 11111111 11111112
87778111 11111111 11111111 11111111 11111111 11111111 11111111 11111112
87778111 11111111 11111111 11111111 11111111 11111111 11111111 11111112
87778111 11111111 11111111 11111111 11111111 11111111 11111111 11111112
87778111 11111111 11111111 11111111 11111111 11111111 11111111 11111112
87778111 11111111 11111111 11111111 11111111 11111111 11111111 11111112
87778111 11111111 11111111 11111111 11111111 11111111 11111111 11111112
87778111 11111111 11111111 11111111 11111111 11111111 11111111 11111112
87778111 11111111 11111111 11111111 11111111 11111111 11111111 11111112
87778111 11111111 11111111 11111111 11111111 11111111 11111111 11111112
87778111 11111111 11111111 11111111 11111111 11111111 11111111 11111112
87778111 11111111 11111111 11111111 11111111 11111111 11111111 11111112
87778111 11111111 11111111 11111111 11111111 11111111 11111111 11111112
87778111 11111111 11111111 11111111 11111111 11111111 11111111 11111112
87778111 11111111 11111111 11111111 11111111 11111111 11111111 11111112
87778111 11111111 11111111 11111111 11111111 11111111 11111111 11111112
87778111 11111111 11111111 11111111 11111111 11111111 11111111 11111112
87778111 11111111 11111111 11111111 11111111 11111111 11111111 11111112
87778111 11111111 11111111 11111111 11111111 11111111 11111111 11111112
87778111 11111111 11111111 11111111 11111111 11111111 11111111 11111112
87778111 11111111 11111111 11111111 11111111 11111111 11111111 11111112
87778111 11111111 11111111 11111111 11111111 11111111 11111111 11111112
87778111 11111111 11111111 11111111 11111111 11111111 11111111 11111112
87778111 11111111 11111111 11111111 11111111 11111111 11111111 11111112
87778111 11111111 11111111 11111111 11111111 11111111 11111111 11111112
87778111 11111111 11111111 11111111 11111111 11111111 11111111 11111112
87778111 11111111 11111111 11111111 11111111 11111111 11111111 11111112
87778111 11111111 11111111 11111111 11111111 11111111 11111111 11111112
87778111 11111111 11111111 11111111 11111111 11111111 11111111 11111112
87778111 11111111 11111111 11111111 11111111 11111111 11111111 11111112
87778111 11111111 11111111 11111111 11111111 11111111 11111111 11111112
87778111 11111111 11111111 11111111 11111111 11111111 11111111 11111112
87778111 11111111 11111111 11111111 11111111 11111111 11111111 11111112
87778111 11111111 11111111 11111111 11111111 11111111 11111111 11111112
87778111 11111111 11111111 11111111 11111111 11111111 11111111 11111112
87778111 11111111 11111111 11111111 11111111 11111111 11111111 11111112
87778111 11111111 11111111 11111111 11111111 11111111 11111111 11111112
87778111 11111111 11111111 11111111 11111111 11111111 11111111 11111112
87778111 11111111 11111111 11111111 11111111 11111111 11111111 11111112
87778111 11111111 11111111 11111111 11111111 11111111 11111111 11111112
87778111 11111111 11111111 11111111 11111111 11111111 11111111 11111112
87778111 11111111 11111111 11111111 11111111 11111111 11111111 11111112
87778111 11111111 11111111 11111111 11111111 11111111 11111111 11111112
87778111 11111111 11111111 11111111 11111111 11111111 11111111 11111112
87778111 11111111 11111111 11111111 11111111 11111111 11111111 11111112
87778111 11111111 11111111 11111111 11111111 11111111 11111111 11111112
87778111 11111111 11111111 11111111 11111111 11111111 11111111 11111112
87778111 11111111 11111111 11111111 11111111 11111111 11111111 11111112
87778111 11111111 11111111 11111111 11111111 11111111 11111111 11111112
87778111 11111111 11111111 11111111 11111111 11111111 11111111 11111112
87778111 11111111 11111111 11111111 11111111 11111111 11111111 11111112
87778111 11111111 11111111 11111111 11111111 11111111 11111111 11111112
87778111 11111111 11111111 11111111 11111111 11111111 11111111 11111112
87778111 11111111 11111111 11111111 11111111 11111111 11111111 11111112
87778111 11111111 11111111 11111111 11111111 11111111 11111111 11111112
87778111 11111111 11111111 11111111 11111111 11111111 11111111 11111112
87778111 11111111 11111111 11111111 11111111 11111111 11111111 11111112
87778111 11111111 11111111 11111111 11111111 11111111 11111111 11111112
87778111 11111111 11111111 11111111 11111111 11111111 11111111 11111112
87778222 22222222 22222222 22222222 22222222 22222222 22222222 22222222