22222222 22222222 22222222 22222222 22222222 22222222 22222222 22222222
21111111 11111111 11111111 11111111 11111111 11111111 11111111 11111112
21111111 11111111 11111111 11111111 11111111 11111111 11111111 11111112
21111111 11111111 11111111 11111111 11111111 11111111 11111111 11111112
21111111 11111111 11111111 11111111 11111111 11111111 11111111 11111112
21111111 11111111 11111111 11111111 11111111 11111111 11111111 11111112
21111111 11111111 11111111 11111111 11111111 11111111 11111111 11111112
21111111 11111111 11111111 11111111 11111111 11111111 11111111 11111112
21111111 11111111 11111111 11111111 11111111 11111111 11111111 11111112
21111111 11111111 11111111 11111111 11111111 11111111 11111111 11111112
21111111 11111111 11111111 11111111 11111111 11111111 11111111 11111112
21111111 11111111 11111111 11111111 11111111 11111111 11111111 11111112
21111111 11111111 11111111 11111111 11111111 11111111 11111111 11111112
21111111 11111111 11111111 11111111 11111111 11111111 11111111 11111112
21111111 11111111 11111111 11111111 11111111 11111111 11111111 11111112
21111111 11111111 11111111 11111111 11111111 11111111 11111111 11111112
21111111 11111111 11111111 11111111 11111111 11111111 11111111 11111112
21111111 11111111 11111111 11111111 11111111 11111111 11111111 11111112
21111111 11111111 11111111 11111111 11111111 11111111 11111111 11111112
21111111 11111111 11111111 11111111 11111111 11111111 11111111 11111112
21111111 11111111 11111111 11111111 11111111 11111111 11111111 11111112
21111111 11111111 11111111 11111111 11111111 11111111 11111111 11111112
21111111 11111111 11111111 11111111 11111111 11111111 11111111 11111112
21111111 11111111 11111111 11111111 11111111 11111111 11111111 11111112
21111111 11111111 11111111 11111111 11111111 11111111 11111111 11111112
21111111 11111111 11111111 11111111 11111111 11111111 11111111 11111112
21111111 11111111 11111111 11111111 11111111 11111111 11111111 11111112
21111111 11111111 11111111 11111111 11111111 11111111 11111111 11111112
21111111 11111111 11111111 11111111 11111111 11111111 11111111 11111112
21111111 11111111 11111111 11111111 11111111 11111111 11111111 11111112
21111111 11111111 11111111 11111111 11111111 11111111 11111111 11111112
21111111 11111111 11111111 11111111 11111111 11111111 11111111 11111112
21111111 11111111 11111111 11111111 11111111 11111111 11111111 11111112
21111111 11111111 11111111 11111111 11111111 11111111 11111111 11111112
21111111 11111111 11111111 11111111 11111111 11111111 11111111 11111112
21111111 11111111 11111111 11111111 11111111 11111111 11111111 11111112
21111111 11111111 11111111 11111111 11111111 11111111 11111111 11111112
21111111 11111111 11111111 11111111 11111111 11111111 11111111 11111112
21111111 11111111 11111111 11111111 11111111 11111111 11111111 11111112
21111111 11111111 11111111 11111111 11111111 11111111 11111111 11111112
21111111 11111111 11111111 11111111 11111111 11111111 11111111 11111112
21111111 11111111 11111111 11111111 11111111 11111111 11111111 11111112
21111111 11111111 11111111 11111111 11111111 11111111 11111111 11111112
21111111 11111111 11111111 11111111 11111111 11111111 11111111 11111112
21111111 11111111 11111111 11111111 11111111 11111111 11111111 11111112
21111111 11111111 11111111 11111111 11111111 11111111 11111111 11111112
21111111 11111111 11111111 11111111 11111111 11111111 11111111 11111112
21111111 11111111 11111111 11111111 11111111 11111111 11111111 11111112
21111111 11111111 11111111 11111111 11111111 11111111 11111111 11111112
21111111 11111111 11111111 11111111 11111111 11111111 11111111 11111112
21111111 11111111 11111111 11111111 11111111 11111111 11111111 11111112
21111111 11111111 11111111 11111111 11111111 11111111 11111111 11111112
21111111 11111111 11111111 11111111 11111111 11111111 11111111 11111112
21111111 11111111 11111111 11111111 11111111 11111111 11111111 11111112
21111111 11111111 11111111 11111111 11111111 11111111 11111111 11111112
21444444 41111111 11111111 11111111 11111111 11111111 11111111 11111112
21455555 41111111 11111111 11111111 11111111 11111111 11111111 11111112
21455555 41111111 11111111 11111111 11111111 11111111 11111111 11111112
21455555 41111111 11111111 11111111 11111111 11111111 11111111 11111112
21455555 41111111 11111111 11111111 11111111 11111111 11111111 11111112
21455555 41111111 11111111 11111111 11111111 11111111 11111111 11111112
21444444 41111111 11111111 11111111 11111111 11111111 11111111 11111112
21111111 11111111 11111111 11111111 11111111 11111111 11111111 11111112
22222222 22222222 22222222 22222000 00022222 22222222 22222222 22222222